6
Lychnagalma_utricularia              0.0000000 0.0068280 0.0080280 0.0074932 0.0150044 0.0155769 
Bargmannia_lata___READS18S           0.0068280 0.0000000 0.0017127 0.0011470 0.0120918 0.0103465 
Rudjakovia_sp_D557-D12_18s_consensus 0.0080280 0.0017127 0.0000000 0.0005773 0.0115143 0.0097703 
Rudjakovia_sp_AGALMA_transcripts     0.0074932 0.0011470 0.0005773 0.0000000 0.0122482 0.0104801 
Bargmannia_amoena                    0.0150044 0.0120918 0.0115143 0.0122482 0.0000000 0.0091702 
Bargmannia_elongata                  0.0155769 0.0103465 0.0097703 0.0104801 0.0091702 0.0000000 
