61
Abylopsis_tetragona          0.0000000 0.0639148 0.0633791 0.0642080 0.0673792 0.0679028 0.0616510 0.0675850 0.0664744 0.0600218 0.0591614 0.0593595 0.1185925 0.0586143 0.0634097 0.0653973 0.0661955 0.0347485 0.0894728 0.0587793 0.0592366 0.0563770 0.0587771 0.0591887 0.0604930 0.0617861 0.0618404 0.0643806 0.0609896 0.0663985 0.1229477 0.0558009 0.0480294 0.0640946 0.0625826 0.0688699 0.0410257 0.0617385 0.0672934 0.0617425 0.0824185 0.0642286 0.1066855 0.0612170 0.0818592 0.0591885 0.0679907 0.0771123 0.0769374 0.0589141 0.0460843 0.0560213 0.0795426 0.0622033 0.0641276 0.0526402 0.1405995 0.0533850 0.0836048 0.0672476 0.0625229 
Agalma_clausi                0.0639148 0.0000000 0.0067952 0.0063519 0.0289056 0.0293470 0.0085878 0.0315756 0.0334945 0.0772196 0.0525235 0.0498340 0.0758709 0.0391487 0.0368788 0.0599310 0.0458353 0.0528855 0.0531432 0.0215310 0.0228166 0.0216801 0.0290229 0.0263347 0.0271060 0.0281420 0.0165771 0.0490267 0.0104092 0.0561500 0.0675090 0.0466897 0.0680878 0.0468164 0.0212910 0.0268914 0.0608704 0.0167219 0.0324939 0.0295811 0.0481328 0.0230655 0.0487365 0.0284152 0.0488325 0.0289675 0.0249544 0.0378017 0.0360387 0.0436223 0.0510326 0.0587482 0.0436525 0.0246327 0.0226384 0.0633858 0.0523219 0.0370275 0.0515004 0.0526719 0.0524083 
Agalma_elegans               0.0633791 0.0067952 0.0000000 0.0081421 0.0296894 0.0301312 0.0092673 0.0308483 0.0329852 0.0788932 0.0534247 0.0505387 0.0737742 0.0380642 0.0370614 0.0596128 0.0469790 0.0546971 0.0556575 0.0244404 0.0244273 0.0229199 0.0299437 0.0273849 0.0282171 0.0289472 0.0182806 0.0496823 0.0126867 0.0561229 0.0664624 0.0477392 0.0680648 0.0459082 0.0222954 0.0263612 0.0611896 0.0186576 0.0330372 0.0300863 0.0476091 0.0233381 0.0505796 0.0283857 0.0515622 0.0296514 0.0272478 0.0381546 0.0364043 0.0452942 0.0503290 0.0577367 0.0436133 0.0248440 0.0233303 0.0637150 0.0515796 0.0394347 0.0530570 0.0528071 0.0504505 
Agalma_okenii                0.0642080 0.0063519 0.0081421 0.0000000 0.0291310 0.0298627 0.0076796 0.0315973 0.0335308 0.0779290 0.0525364 0.0501001 0.0774273 0.0370217 0.0347345 0.0591387 0.0450838 0.0527445 0.0537472 0.0231574 0.0234436 0.0229501 0.0281067 0.0268852 0.0271980 0.0281761 0.0175141 0.0484418 0.0115897 0.0536664 0.0675924 0.0460620 0.0675552 0.0463142 0.0212937 0.0283280 0.0606315 0.0178928 0.0326352 0.0303220 0.0473724 0.0244874 0.0503021 0.0283806 0.0497201 0.0306851 0.0258118 0.0375844 0.0360188 0.0449372 0.0502335 0.0579237 0.0439698 0.0263497 0.0238276 0.0636069 0.0545398 0.0376137 0.0511489 0.0525916 0.0511572 
Apolemia_lanosa              0.0673792 0.0289056 0.0296894 0.0291310 0.0000000 0.0036857 0.0289877 0.0236755 0.0239011 0.0777591 0.0511773 0.0508706 0.0744375 0.0384694 0.0357739 0.0609903 0.0480691 0.0553570 0.0493216 0.0180534 0.0178160 0.0171654 0.0308427 0.0253383 0.0250632 0.0279615 0.0275750 0.0473643 0.0261847 0.0527319 0.0581162 0.0463556 0.0658478 0.0455915 0.0219342 0.0212241 0.0573842 0.0281134 0.0280263 0.0275754 0.0424434 0.0177749 0.0468525 0.0265643 0.0478862 0.0227058 0.0278558 0.0302099 0.0306227 0.0446485 0.0517132 0.0594949 0.0367885 0.0205660 0.0200529 0.0643573 0.0393883 0.0337511 0.0492129 0.0504458 0.0476524 
Apolemia_rubriversa          0.0679028 0.0293470 0.0301312 0.0298627 0.0036857 0.0000000 0.0297049 0.0221330 0.0221186 0.0778798 0.0517753 0.0505531 0.0718875 0.0392567 0.0362972 0.0624728 0.0479389 0.0562084 0.0460378 0.0180408 0.0178297 0.0171780 0.0307958 0.0255885 0.0252868 0.0287293 0.0265743 0.0472400 0.0261240 0.0532536 0.0580658 0.0469216 0.0656980 0.0446413 0.0226604 0.0218755 0.0576816 0.0271174 0.0270131 0.0266989 0.0417413 0.0186997 0.0443198 0.0267965 0.0490033 0.0226839 0.0278877 0.0302148 0.0310982 0.0448073 0.0516257 0.0596592 0.0361849 0.0205223 0.0205589 0.0645159 0.0378697 0.0347926 0.0506122 0.0517768 0.0481594 
Athorybia_rosacea            0.0616510 0.0085878 0.0092673 0.0076796 0.0289877 0.0297049 0.0000000 0.0311703 0.0333586 0.0771998 0.0512870 0.0496841 0.0753273 0.0383479 0.0366296 0.0611658 0.0453908 0.0535217 0.0563641 0.0226330 0.0226831 0.0212551 0.0294230 0.0274298 0.0279698 0.0292496 0.0165796 0.0499923 0.0120101 0.0550250 0.0692241 0.0452963 0.0691965 0.0453410 0.0215806 0.0283226 0.0602942 0.0169619 0.0326082 0.0303197 0.0453758 0.0248055 0.0536537 0.0292669 0.0514821 0.0302327 0.0272671 0.0394267 0.0371995 0.0444421 0.0513496 0.0574862 0.0437405 0.0260587 0.0226369 0.0622301 0.0558420 0.0378475 0.0510645 0.0538296 0.0515562 
Bargmannia_amoena            0.0675850 0.0315756 0.0308483 0.0315973 0.0236755 0.0221330 0.0311703 0.0000000 0.0078806 0.0829284 0.0529905 0.0508672 0.0765334 0.0397846 0.0418971 0.0632318 0.0520247 0.0575478 0.0543269 0.0207501 0.0199542 0.0192416 0.0358211 0.0315830 0.0311991 0.0331881 0.0280464 0.0495534 0.0292431 0.0561803 0.0634890 0.0479998 0.0703071 0.0489692 0.0215935 0.0219525 0.0623726 0.0298339 0.0295074 0.0310616 0.0456172 0.0192163 0.0442154 0.0295346 0.0546969 0.0269701 0.0271747 0.0329465 0.0345976 0.0480892 0.0485213 0.0564006 0.0432472 0.0208485 0.0189054 0.0674926 0.0382715 0.0387763 0.0551150 0.0547772 0.0491830 
Bargmannia_elongata          0.0664744 0.0334945 0.0329852 0.0335308 0.0239011 0.0221186 0.0333586 0.0078806 0.0000000 0.0831264 0.0552289 0.0523482 0.0771111 0.0380449 0.0424624 0.0640484 0.0533315 0.0564513 0.0559238 0.0206892 0.0191229 0.0194091 0.0345937 0.0318633 0.0294599 0.0345346 0.0297629 0.0486600 0.0307823 0.0548967 0.0664093 0.0495991 0.0707906 0.0489849 0.0232959 0.0236617 0.0618263 0.0315458 0.0302093 0.0312646 0.0457855 0.0199187 0.0463379 0.0306057 0.0561007 0.0269710 0.0287274 0.0347526 0.0345326 0.0473538 0.0484559 0.0566122 0.0436619 0.0220201 0.0203460 0.0661345 0.0376407 0.0380422 0.0564711 0.0538084 0.0500136 
Chelophyes_appendiculata     0.0600218 0.0772196 0.0788932 0.0779290 0.0777591 0.0778798 0.0771998 0.0829284 0.0831264 0.0000000 0.0672230 0.0719985 0.1320749 0.0767080 0.0724754 0.0716710 0.0800562 0.0530379 0.0979206 0.0694743 0.0718534 0.0682764 0.0698740 0.0661193 0.0699508 0.0689691 0.0740993 0.0783141 0.0771368 0.0801440 0.1543507 0.0638132 0.0595617 0.0816224 0.0720780 0.0813252 0.0556112 0.0750498 0.0761872 0.0667934 0.0895603 0.0772635 0.1262175 0.0713150 0.0947223 0.0704862 0.0755242 0.0839984 0.0841541 0.0697835 0.0527907 0.0633747 0.0931877 0.0760434 0.0769473 0.0553755 0.1779242 0.0626075 0.0931429 0.0769752 0.0735557 
Chuniphyes_moserae           0.0591614 0.0525235 0.0534247 0.0525364 0.0511773 0.0517753 0.0512870 0.0529905 0.0552289 0.0672230 0.0000000 0.0219501 0.1086885 0.0517544 0.0471983 0.0490515 0.0530042 0.0533151 0.0754511 0.0463952 0.0457078 0.0437438 0.0481989 0.0445491 0.0458633 0.0487516 0.0512520 0.0580754 0.0528363 0.0608329 0.1017521 0.0304663 0.0610744 0.0531540 0.0460546 0.0513887 0.0547611 0.0521593 0.0468003 0.0482333 0.0661333 0.0502085 0.0823209 0.0467893 0.0678780 0.0454525 0.0492141 0.0595163 0.0591731 0.0533498 0.0529054 0.0551850 0.0665918 0.0493971 0.0453079 0.0600356 0.1116048 0.0431250 0.0732012 0.0598096 0.0556474 
Chuniphyes_multidentata      0.0593595 0.0498340 0.0505387 0.0501001 0.0508706 0.0505531 0.0496841 0.0508672 0.0523482 0.0719985 0.0219501 0.0000000 0.1090147 0.0507069 0.0457851 0.0574572 0.0516177 0.0515023 0.0756591 0.0413232 0.0413624 0.0388806 0.0471704 0.0451829 0.0462909 0.0496315 0.0510915 0.0571698 0.0480928 0.0555551 0.0985013 0.0321759 0.0644345 0.0498893 0.0436028 0.0478096 0.0526328 0.0519878 0.0449581 0.0432446 0.0664855 0.0457175 0.0752015 0.0436680 0.0661486 0.0410121 0.0506868 0.0599012 0.0592150 0.0483661 0.0497615 0.0529888 0.0658580 0.0452547 0.0436664 0.0589520 0.0982696 0.0399469 0.0707475 0.0548878 0.0521338 
Clytia_hemisphaerica         0.1185925 0.0758709 0.0737742 0.0774273 0.0744375 0.0718875 0.0753273 0.0765334 0.0771111 0.1320749 0.1086885 0.1090147 0.0000000 0.0827489 0.0891950 0.1175447 0.0936818 0.1101415 0.0836444 0.0681563 0.0674391 0.0669014 0.0728180 0.0716616 0.0714351 0.0700616 0.0723299 0.0962851 0.0743760 0.1099725 0.0798287 0.1023212 0.1198260 0.0896437 0.0712082 0.0720345 0.1088962 0.0747591 0.0787110 0.0802195 0.0794112 0.0732700 0.0988682 0.0785603 0.0871746 0.0759345 0.0774277 0.0724092 0.0743320 0.0993893 0.1091627 0.1138407 0.0717914 0.0731340 0.0724040 0.1157939 0.0975378 0.0887550 0.0912431 0.1136015 0.1041963 
Cordagalma_ordinatum         0.0586143 0.0391487 0.0380642 0.0370217 0.0384694 0.0392567 0.0383479 0.0397846 0.0380449 0.0767080 0.0517544 0.0507069 0.0827489 0.0000000 0.0441417 0.0577151 0.0523398 0.0487318 0.0607307 0.0302362 0.0300065 0.0289280 0.0373268 0.0358040 0.0356246 0.0373226 0.0340325 0.0491002 0.0372549 0.0453143 0.0794292 0.0483123 0.0633850 0.0492250 0.0350214 0.0372560 0.0584419 0.0364952 0.0385398 0.0360415 0.0574163 0.0355170 0.0595949 0.0389000 0.0601948 0.0341055 0.0410734 0.0503169 0.0505488 0.0430000 0.0502457 0.0579799 0.0538900 0.0332191 0.0334393 0.0593619 0.0686970 0.0379559 0.0621835 0.0459571 0.0381983 
Craseoa_lathetica            0.0634097 0.0368788 0.0370614 0.0347345 0.0357739 0.0362972 0.0366296 0.0418971 0.0424624 0.0724754 0.0471983 0.0457851 0.0891950 0.0441417 0.0000000 0.0585201 0.0472293 0.0552410 0.0638971 0.0321816 0.0312892 0.0295904 0.0403258 0.0371696 0.0371248 0.0390167 0.0353277 0.0458847 0.0356384 0.0552577 0.0802043 0.0439011 0.0603190 0.0483378 0.0351450 0.0346753 0.0563015 0.0372129 0.0311849 0.0315925 0.0534188 0.0329276 0.0657344 0.0381590 0.0632495 0.0295306 0.0383701 0.0463161 0.0465205 0.0395695 0.0502348 0.0558332 0.0547366 0.0348297 0.0340688 0.0588685 0.0717820 0.0363910 0.0653400 0.0506299 0.0516081 
Crystallophyes_amygdalina    0.0653973 0.0599310 0.0596128 0.0591387 0.0609903 0.0624728 0.0611658 0.0632318 0.0640484 0.0716710 0.0490515 0.0574572 0.1175447 0.0577151 0.0585201 0.0000000 0.0590667 0.0610794 0.0815075 0.0587076 0.0582049 0.0545290 0.0482768 0.0463937 0.0511166 0.0506841 0.0590371 0.0646120 0.0587617 0.0632801 0.1223079 0.0430610 0.0659384 0.0598408 0.0544251 0.0621369 0.0597424 0.0596040 0.0597122 0.0552227 0.0758595 0.0587963 0.0918172 0.0531557 0.0746860 0.0527716 0.0521486 0.0688159 0.0669880 0.0576549 0.0540751 0.0578783 0.0771622 0.0587089 0.0584693 0.0646728 0.1471146 0.0514836 0.0770778 0.0619153 0.0580908 
Desmophyes_haematogaster     0.0661955 0.0458353 0.0469790 0.0450838 0.0480691 0.0479389 0.0453908 0.0520247 0.0533315 0.0800562 0.0530042 0.0516177 0.0936818 0.0523398 0.0472293 0.0590667 0.0000000 0.0542324 0.0678351 0.0409646 0.0421308 0.0389546 0.0447160 0.0426764 0.0447201 0.0468490 0.0454940 0.0490839 0.0459321 0.0598616 0.0906160 0.0449447 0.0649095 0.0246509 0.0458729 0.0496371 0.0597324 0.0459281 0.0455984 0.0425175 0.0632104 0.0485416 0.0679766 0.0431484 0.0589039 0.0405512 0.0477229 0.0564365 0.0552971 0.0448177 0.0479715 0.0553588 0.0661947 0.0469643 0.0472763 0.0662492 0.0998961 0.0409260 0.0620100 0.0561903 0.0493416 
Diphyes_dispar               0.0347485 0.0528855 0.0546971 0.0527445 0.0553570 0.0562084 0.0535217 0.0575478 0.0564513 0.0530379 0.0533151 0.0515023 0.1101415 0.0487318 0.0552410 0.0610794 0.0542324 0.0000000 0.0709644 0.0531555 0.0532954 0.0513937 0.0541052 0.0517352 0.0526772 0.0535850 0.0527605 0.0593490 0.0516244 0.0616756 0.1020365 0.0491929 0.0420267 0.0585013 0.0511184 0.0541697 0.0362548 0.0517568 0.0556160 0.0562537 0.0680932 0.0513454 0.0944039 0.0508740 0.0691217 0.0474412 0.0560968 0.0648523 0.0661824 0.0561683 0.0451336 0.0493516 0.0652415 0.0508343 0.0528515 0.0458110 0.1192926 0.0480062 0.0691319 0.0593848 0.0561333 
Ectopleura_dumortieri        0.0894728 0.0531432 0.0556575 0.0537472 0.0493216 0.0460378 0.0563641 0.0543269 0.0559238 0.0979206 0.0754511 0.0756591 0.0836444 0.0607307 0.0638971 0.0815075 0.0678351 0.0709644 0.0000000 0.0491334 0.0497226 0.0466720 0.0548972 0.0498019 0.0493400 0.0479006 0.0474172 0.0710674 0.0526220 0.0771566 0.0619100 0.0704415 0.0925175 0.0667110 0.0511826 0.0541488 0.0830312 0.0500215 0.0571204 0.0583488 0.0583311 0.0500013 0.0919590 0.0552156 0.0561269 0.0495250 0.0549541 0.0490988 0.0501944 0.0620919 0.0714645 0.0798293 0.0485806 0.0526828 0.0525093 0.0871014 0.1006646 0.0629197 0.0567056 0.0765931 0.0715040 
Erenna_richardi              0.0587793 0.0215310 0.0244404 0.0231574 0.0180534 0.0180408 0.0226330 0.0207501 0.0206892 0.0694743 0.0463952 0.0413232 0.0681563 0.0302362 0.0321816 0.0587076 0.0409646 0.0531555 0.0491334 0.0000000 0.0035633 0.0028438 0.0250110 0.0221801 0.0221566 0.0250111 0.0196635 0.0380468 0.0209838 0.0442963 0.0593544 0.0430644 0.0652799 0.0394646 0.0142440 0.0116822 0.0542311 0.0209779 0.0217620 0.0215114 0.0446737 0.0104089 0.0338864 0.0211889 0.0437544 0.0184021 0.0199326 0.0298615 0.0313381 0.0403572 0.0461611 0.0492293 0.0377344 0.0119676 0.0084241 0.0630962 0.0248872 0.0305833 0.0470367 0.0434002 0.0404837 
Erenna_laciniata             0.0592366 0.0228166 0.0244273 0.0234436 0.0178160 0.0178297 0.0226831 0.0199542 0.0191229 0.0718534 0.0457078 0.0413624 0.0674391 0.0300065 0.0312892 0.0582049 0.0421308 0.0532954 0.0497226 0.0035633 0.0000000 0.0026081 0.0250224 0.0218797 0.0213070 0.0249796 0.0202114 0.0376838 0.0209748 0.0442093 0.0589817 0.0440273 0.0636287 0.0393880 0.0144938 0.0121808 0.0536398 0.0215298 0.0220208 0.0207398 0.0424270 0.0114238 0.0324014 0.0204377 0.0438457 0.0191479 0.0201893 0.0306802 0.0304963 0.0404334 0.0455196 0.0486543 0.0376652 0.0119750 0.0071941 0.0620175 0.0255344 0.0306169 0.0476193 0.0442390 0.0413758 
Erenna_sirena                0.0563770 0.0216801 0.0229199 0.0229501 0.0171654 0.0171780 0.0212551 0.0192416 0.0194091 0.0682764 0.0437438 0.0388806 0.0669014 0.0289280 0.0295904 0.0545290 0.0389546 0.0513937 0.0466720 0.0028438 0.0026081 0.0000000 0.0244755 0.0210050 0.0215089 0.0236769 0.0189086 0.0365042 0.0204043 0.0426596 0.0596166 0.0410245 0.0605712 0.0369584 0.0142333 0.0138489 0.0514147 0.0201547 0.0204374 0.0209661 0.0415665 0.0103792 0.0323717 0.0196073 0.0434951 0.0181952 0.0199512 0.0296064 0.0299547 0.0377949 0.0433426 0.0462964 0.0373752 0.0118581 0.0075498 0.0591442 0.0247015 0.0300670 0.0459796 0.0412403 0.0381837 
Forskalia_asymmetrica        0.0587771 0.0290229 0.0299437 0.0281067 0.0308427 0.0307958 0.0294230 0.0358211 0.0345937 0.0698740 0.0481989 0.0471704 0.0728180 0.0373268 0.0403258 0.0482768 0.0447160 0.0541052 0.0548972 0.0250110 0.0250224 0.0244755 0.0000000 0.0180086 0.0164425 0.0230150 0.0300393 0.0484483 0.0284292 0.0570995 0.0701002 0.0435875 0.0610249 0.0425382 0.0295996 0.0325492 0.0593685 0.0298693 0.0348624 0.0311421 0.0463999 0.0310113 0.0520895 0.0307888 0.0516027 0.0294415 0.0351632 0.0426595 0.0412391 0.0388372 0.0448701 0.0516390 0.0462831 0.0299499 0.0291491 0.0609670 0.0606804 0.0359775 0.0517735 0.0517566 0.0486091 
Forskalia_edwardsii          0.0591887 0.0263347 0.0273849 0.0268852 0.0253383 0.0255885 0.0274298 0.0315830 0.0318633 0.0661193 0.0445491 0.0451829 0.0716616 0.0358040 0.0371696 0.0463937 0.0426764 0.0517352 0.0498019 0.0221801 0.0218797 0.0210050 0.0180086 0.0000000 0.0108758 0.0091555 0.0255304 0.0456287 0.0246939 0.0523656 0.0636779 0.0380296 0.0565503 0.0419702 0.0255156 0.0284456 0.0574324 0.0261192 0.0330575 0.0289376 0.0444425 0.0262058 0.0429215 0.0271649 0.0499481 0.0278650 0.0270301 0.0375953 0.0368565 0.0366178 0.0427811 0.0501041 0.0402234 0.0256626 0.0251484 0.0589964 0.0514406 0.0344318 0.0476148 0.0474832 0.0444644 
Forskalia_formosa            0.0604930 0.0271060 0.0282171 0.0271980 0.0250632 0.0252868 0.0279698 0.0311991 0.0294599 0.0699508 0.0458633 0.0462909 0.0714351 0.0356246 0.0371248 0.0511166 0.0447201 0.0526772 0.0493400 0.0221566 0.0213070 0.0215089 0.0164425 0.0108758 0.0000000 0.0142294 0.0275239 0.0468067 0.0255874 0.0516492 0.0652613 0.0429819 0.0570768 0.0448472 0.0256823 0.0281386 0.0571840 0.0281339 0.0333287 0.0292995 0.0471049 0.0254306 0.0471948 0.0284500 0.0494945 0.0262789 0.0291951 0.0403282 0.0393974 0.0383331 0.0466117 0.0544483 0.0413736 0.0264035 0.0251754 0.0583049 0.0518629 0.0338874 0.0489008 0.0483010 0.0450206 
Forskalia_tholoides          0.0617861 0.0281420 0.0289472 0.0281761 0.0279615 0.0287293 0.0292496 0.0331881 0.0345346 0.0689691 0.0487516 0.0496315 0.0700616 0.0373226 0.0390167 0.0506841 0.0468490 0.0535850 0.0479006 0.0250111 0.0249796 0.0236769 0.0230150 0.0091555 0.0142294 0.0000000 0.0252464 0.0492717 0.0277521 0.0553325 0.0641014 0.0427838 0.0586395 0.0461689 0.0280616 0.0311154 0.0601254 0.0263610 0.0338386 0.0322086 0.0454114 0.0282833 0.0464267 0.0299820 0.0509821 0.0315013 0.0299373 0.0403205 0.0387866 0.0397639 0.0452013 0.0519606 0.0419737 0.0282290 0.0279817 0.0600396 0.0538207 0.0365329 0.0498698 0.0504646 0.0461888 
Frillagalma_vityazi          0.0618404 0.0165771 0.0182806 0.0175141 0.0275750 0.0265743 0.0165796 0.0280464 0.0297629 0.0740993 0.0512520 0.0510915 0.0723299 0.0340325 0.0353277 0.0590371 0.0454940 0.0527605 0.0474172 0.0196635 0.0202114 0.0189086 0.0300393 0.0255304 0.0275239 0.0252464 0.0000000 0.0455464 0.0168241 0.0531457 0.0608060 0.0439425 0.0649205 0.0445275 0.0199641 0.0252738 0.0590053 0.0026105 0.0262960 0.0277672 0.0441349 0.0225728 0.0435601 0.0255232 0.0505567 0.0280103 0.0296469 0.0362338 0.0358205 0.0432559 0.0498222 0.0544685 0.0405762 0.0215765 0.0204028 0.0629252 0.0483733 0.0382288 0.0500073 0.0512026 0.0507947 
Gymnopraia_lapislazula       0.0643806 0.0490267 0.0496823 0.0484418 0.0473643 0.0472400 0.0499923 0.0495534 0.0486600 0.0783141 0.0580754 0.0571698 0.0962851 0.0491002 0.0458847 0.0646120 0.0490839 0.0593490 0.0710674 0.0380468 0.0376838 0.0365042 0.0484483 0.0456287 0.0468067 0.0492717 0.0455464 0.0000000 0.0460946 0.0624957 0.0890474 0.0532382 0.0624944 0.0516048 0.0473670 0.0469666 0.0653502 0.0479459 0.0445184 0.0409906 0.0617084 0.0438540 0.0770421 0.0506339 0.0682181 0.0444039 0.0536228 0.0550990 0.0551152 0.0475996 0.0552308 0.0617101 0.0634726 0.0442521 0.0432082 0.0687246 0.0927366 0.0433280 0.0679543 0.0587858 0.0554012 
Halistemma_rubrum            0.0609896 0.0104092 0.0126867 0.0115897 0.0261847 0.0261240 0.0120101 0.0292431 0.0307823 0.0771368 0.0528363 0.0480928 0.0743760 0.0372549 0.0356384 0.0587617 0.0459321 0.0516244 0.0526220 0.0209838 0.0209748 0.0204043 0.0284292 0.0246939 0.0255874 0.0277521 0.0168241 0.0460946 0.0000000 0.0534206 0.0663282 0.0449962 0.0675102 0.0456140 0.0209443 0.0245945 0.0594435 0.0171807 0.0316300 0.0272288 0.0478511 0.0215497 0.0421586 0.0267892 0.0519422 0.0273786 0.0262070 0.0374952 0.0358364 0.0427791 0.0498651 0.0568075 0.0431933 0.0226096 0.0209232 0.0622643 0.0479672 0.0374755 0.0529072 0.0539094 0.0510863 
Hippopodius_hippopus         0.0663985 0.0561500 0.0561229 0.0536664 0.0527319 0.0532536 0.0550250 0.0561803 0.0548967 0.0801440 0.0608329 0.0555551 0.1099725 0.0453143 0.0552577 0.0632801 0.0598616 0.0616756 0.0771566 0.0442963 0.0442093 0.0426596 0.0570995 0.0523656 0.0516492 0.0553325 0.0531457 0.0624957 0.0534206 0.0000000 0.1110059 0.0569716 0.0735498 0.0595982 0.0541147 0.0553666 0.0629117 0.0548678 0.0537457 0.0502034 0.0725145 0.0538485 0.1077913 0.0540525 0.0737102 0.0467588 0.0593378 0.0626527 0.0651868 0.0557438 0.0568742 0.0631390 0.0699166 0.0525194 0.0499280 0.0698682 0.1227625 0.0485448 0.0737321 0.0386939 0.0264078 
Hydra_circumcincta           0.1229477 0.0675090 0.0664624 0.0675924 0.0581162 0.0580658 0.0692241 0.0634890 0.0664093 0.1543507 0.1017521 0.0985013 0.0798287 0.0794292 0.0802043 0.1223079 0.0906160 0.1020365 0.0619100 0.0593544 0.0589817 0.0596166 0.0701002 0.0636779 0.0652613 0.0641014 0.0608060 0.0890474 0.0663282 0.1110059 0.0000000 0.0971310 0.1237381 0.0902770 0.0579020 0.0624075 0.1185506 0.0625486 0.0640997 0.0734581 0.0766883 0.0632921 0.1733274 0.0655999 0.0718563 0.0627831 0.0709461 0.0639691 0.0631103 0.0874774 0.0928373 0.1040184 0.0545348 0.0618808 0.0601901 0.1206868 0.1441662 0.0733743 0.0734098 0.1036302 0.0953508 
Kephyes_ovata                0.0558009 0.0466897 0.0477392 0.0460620 0.0463556 0.0469216 0.0452963 0.0479998 0.0495991 0.0638132 0.0304663 0.0321759 0.1023212 0.0483123 0.0439011 0.0430610 0.0449447 0.0491929 0.0704415 0.0430644 0.0440273 0.0410245 0.0435875 0.0380296 0.0429819 0.0427838 0.0439425 0.0532382 0.0449962 0.0569716 0.0971310 0.0000000 0.0550717 0.0494609 0.0432786 0.0484598 0.0489909 0.0448176 0.0441384 0.0450411 0.0625733 0.0461132 0.0742405 0.0429127 0.0649548 0.0419779 0.0449945 0.0528426 0.0533484 0.0455277 0.0462988 0.0496765 0.0631464 0.0474551 0.0440312 0.0517223 0.1103027 0.0397464 0.0674594 0.0541449 0.0519808 
Lensia_conoidea              0.0480294 0.0680878 0.0680648 0.0675552 0.0658478 0.0656980 0.0691965 0.0703071 0.0707906 0.0595617 0.0610744 0.0644345 0.1198260 0.0633850 0.0603190 0.0659384 0.0649095 0.0420267 0.0925175 0.0652799 0.0636287 0.0605712 0.0610249 0.0565503 0.0570768 0.0586395 0.0649205 0.0624944 0.0675102 0.0735498 0.1237381 0.0550717 0.0000000 0.0688287 0.0633717 0.0699595 0.0366848 0.0648495 0.0678941 0.0608761 0.0841213 0.0687816 0.0967850 0.0626175 0.0813642 0.0649905 0.0698084 0.0763201 0.0735599 0.0626285 0.0488055 0.0574149 0.0817149 0.0657356 0.0698412 0.0311457 0.1550579 0.0573681 0.0834745 0.0692006 0.0690362 
Lilyopsis_fluoracantha       0.0640946 0.0468164 0.0459082 0.0463142 0.0455915 0.0446413 0.0453410 0.0489692 0.0489849 0.0816224 0.0531540 0.0498893 0.0896437 0.0492250 0.0483378 0.0598408 0.0246509 0.0585013 0.0667110 0.0394646 0.0393880 0.0369584 0.0425382 0.0419702 0.0448472 0.0461689 0.0445275 0.0516048 0.0456140 0.0595982 0.0902770 0.0494609 0.0688287 0.0000000 0.0407066 0.0457691 0.0573324 0.0442509 0.0454823 0.0440460 0.0629526 0.0479435 0.0671831 0.0452398 0.0634335 0.0398381 0.0536008 0.0569369 0.0550044 0.0450321 0.0486800 0.0542410 0.0583631 0.0420077 0.0438616 0.0662265 0.0852118 0.0416253 0.0662999 0.0540136 0.0520923 
Lychnagalma_utricularia      0.0625826 0.0212910 0.0222954 0.0212937 0.0219342 0.0226604 0.0215806 0.0215935 0.0232959 0.0720780 0.0460546 0.0436028 0.0712082 0.0350214 0.0351450 0.0544251 0.0458729 0.0511184 0.0511826 0.0142440 0.0144938 0.0142333 0.0295996 0.0255156 0.0256823 0.0280616 0.0199641 0.0473670 0.0209443 0.0541147 0.0579020 0.0432786 0.0633717 0.0407066 0.0000000 0.0197568 0.0554240 0.0209903 0.0245161 0.0237679 0.0437642 0.0181987 0.0292030 0.0192193 0.0492075 0.0252118 0.0246830 0.0323831 0.0309718 0.0400700 0.0471217 0.0550034 0.0390895 0.0164172 0.0144380 0.0601800 0.0328544 0.0328985 0.0514804 0.0512806 0.0492573 
Marrus_claudanielis          0.0688699 0.0268914 0.0263612 0.0283280 0.0212241 0.0218755 0.0283226 0.0219525 0.0236617 0.0813252 0.0513887 0.0478096 0.0720345 0.0372560 0.0346753 0.0621369 0.0496371 0.0541697 0.0541488 0.0116822 0.0121808 0.0138489 0.0325492 0.0284456 0.0281386 0.0311154 0.0252738 0.0469666 0.0245945 0.0553666 0.0624075 0.0484598 0.0699595 0.0457691 0.0197568 0.0000000 0.0630143 0.0268372 0.0253839 0.0222761 0.0442306 0.0088151 0.0355202 0.0235464 0.0534341 0.0224222 0.0235217 0.0348875 0.0340402 0.0445999 0.0500003 0.0570387 0.0422162 0.0135532 0.0147470 0.0657399 0.0240985 0.0356826 0.0529751 0.0480890 0.0498895 
Muggiaea_atlantica           0.0410257 0.0608704 0.0611896 0.0606315 0.0573842 0.0576816 0.0602942 0.0623726 0.0618263 0.0556112 0.0547611 0.0526328 0.1088962 0.0584419 0.0563015 0.0597424 0.0597324 0.0362548 0.0830312 0.0542311 0.0536398 0.0514147 0.0593685 0.0574324 0.0571840 0.0601254 0.0590053 0.0653502 0.0594435 0.0629117 0.1185506 0.0489909 0.0366848 0.0573324 0.0554240 0.0630143 0.0000000 0.0591206 0.0621676 0.0568295 0.0695187 0.0606050 0.0863424 0.0574659 0.0775338 0.0574732 0.0657739 0.0681183 0.0683069 0.0551589 0.0444723 0.0530887 0.0738360 0.0576762 0.0593924 0.0394951 0.1295087 0.0496939 0.0765779 0.0654436 0.0611130 
Nanomia_bijuga               0.0617385 0.0167219 0.0186576 0.0178928 0.0281134 0.0271174 0.0169619 0.0298339 0.0315458 0.0750498 0.0521593 0.0519878 0.0747591 0.0364952 0.0372129 0.0596040 0.0459281 0.0517568 0.0500215 0.0209779 0.0215298 0.0201547 0.0298693 0.0261192 0.0281339 0.0263610 0.0026105 0.0479459 0.0171807 0.0548678 0.0625486 0.0448176 0.0648495 0.0442509 0.0209903 0.0268372 0.0591206 0.0000000 0.0281141 0.0285294 0.0446936 0.0225637 0.0445800 0.0270998 0.0507559 0.0295877 0.0271148 0.0375500 0.0368715 0.0441190 0.0488211 0.0555139 0.0407368 0.0230827 0.0214649 0.0633921 0.0476611 0.0393526 0.0501545 0.0523039 0.0522522 
Nectadamas_diomedeae         0.0672934 0.0324939 0.0330372 0.0326352 0.0280263 0.0270131 0.0326082 0.0295074 0.0302093 0.0761872 0.0468003 0.0449581 0.0787110 0.0385398 0.0311849 0.0597122 0.0455984 0.0556160 0.0571204 0.0217620 0.0220208 0.0204374 0.0348624 0.0330575 0.0333287 0.0338386 0.0262960 0.0445184 0.0316300 0.0537457 0.0640997 0.0441384 0.0678941 0.0454823 0.0245161 0.0253839 0.0621676 0.0281141 0.0000000 0.0183469 0.0446802 0.0213239 0.0409822 0.0275230 0.0531806 0.0212988 0.0321343 0.0365247 0.0360216 0.0432001 0.0484800 0.0557328 0.0473979 0.0218488 0.0215374 0.0659222 0.0421200 0.0346690 0.0517791 0.0466561 0.0491407 
Nectopyramis_natans          0.0617425 0.0295811 0.0300863 0.0303220 0.0275754 0.0266989 0.0303197 0.0310616 0.0312646 0.0667934 0.0482333 0.0432446 0.0802195 0.0360415 0.0315925 0.0552227 0.0425175 0.0562537 0.0583488 0.0215114 0.0207398 0.0209661 0.0311421 0.0289376 0.0292995 0.0322086 0.0277672 0.0409906 0.0272288 0.0502034 0.0734581 0.0450411 0.0608761 0.0440460 0.0237679 0.0222761 0.0568295 0.0285294 0.0183469 0.0000000 0.0437441 0.0210642 0.0433680 0.0232840 0.0569336 0.0217873 0.0280139 0.0377763 0.0378757 0.0431952 0.0508687 0.0537181 0.0489908 0.0205054 0.0219091 0.0590240 0.0432249 0.0318703 0.0549734 0.0475787 0.0469790 
Physalia_physalis            0.0824185 0.0481328 0.0476091 0.0473724 0.0424434 0.0417413 0.0453758 0.0456172 0.0457855 0.0895603 0.0661333 0.0664855 0.0794112 0.0574163 0.0534188 0.0758595 0.0632104 0.0680932 0.0583311 0.0446737 0.0424270 0.0415665 0.0463999 0.0444425 0.0471049 0.0454114 0.0441349 0.0617084 0.0478511 0.0725145 0.0766883 0.0625733 0.0841213 0.0629526 0.0437642 0.0442306 0.0695187 0.0446936 0.0446802 0.0437441 0.0000000 0.0412719 0.0760594 0.0490774 0.0603350 0.0464019 0.0443988 0.0327442 0.0320103 0.0627090 0.0616758 0.0692258 0.0496482 0.0420979 0.0435448 0.0823585 0.0829582 0.0556785 0.0582881 0.0718461 0.0687310 
Physonect_sp                 0.0642286 0.0230655 0.0233381 0.0244874 0.0177749 0.0186997 0.0248055 0.0192163 0.0199187 0.0772635 0.0502085 0.0457175 0.0732700 0.0355170 0.0329276 0.0587963 0.0485416 0.0513454 0.0500013 0.0104089 0.0114238 0.0103792 0.0310113 0.0262058 0.0254306 0.0282833 0.0225728 0.0438540 0.0215497 0.0538485 0.0632921 0.0461132 0.0687816 0.0479435 0.0181987 0.0088151 0.0606050 0.0225637 0.0213239 0.0210642 0.0412719 0.0000000 0.0430093 0.0216920 0.0482514 0.0196717 0.0591265 0.0302795 0.0317022 0.0426298 0.0476692 0.0549814 0.0385236 0.0106890 0.0114313 0.0648983 0.0224645 0.0324209 0.0503499 0.0487870 0.0467405 
Physophora_gilmeri           0.1066855 0.0487365 0.0505796 0.0503021 0.0468525 0.0443198 0.0536537 0.0442154 0.0463379 0.1262175 0.0823209 0.0752015 0.0988682 0.0595949 0.0657344 0.0918172 0.0679766 0.0944039 0.0919590 0.0338864 0.0324014 0.0323717 0.0520895 0.0429215 0.0471948 0.0464267 0.0435601 0.0770421 0.0421586 0.1077913 0.1733274 0.0742405 0.0967850 0.0671831 0.0292030 0.0355202 0.0863424 0.0445800 0.0409822 0.0433680 0.0760594 0.0430093 0.0000000 0.0337039 0.0927130 0.0462835 0.0618909 0.0582326 0.0606680 0.0734373 0.0929585 0.0940825 0.0666479 0.0344027 0.0309306 0.1035732 0.0424835 0.0739571 0.0928524 0.0918936 0.0931410 
Physophora_hydrostatica      0.0612170 0.0284152 0.0283857 0.0283806 0.0265643 0.0267965 0.0292669 0.0295346 0.0306057 0.0713150 0.0467893 0.0436680 0.0785603 0.0389000 0.0381590 0.0531557 0.0431484 0.0508740 0.0552156 0.0211889 0.0204377 0.0196073 0.0307888 0.0271649 0.0284500 0.0299820 0.0255232 0.0506339 0.0267892 0.0540525 0.0655999 0.0429127 0.0626175 0.0452398 0.0192193 0.0235464 0.0574659 0.0270998 0.0275230 0.0232840 0.0490774 0.0216920 0.0337039 0.0000000 0.0520562 0.0258798 0.0290700 0.0356511 0.0361563 0.0425887 0.0490448 0.0554600 0.0446400 0.0224221 0.0228513 0.0595031 0.0450621 0.0366755 0.0514392 0.0513108 0.0494349 
Porpita_porpita              0.0818592 0.0488325 0.0515622 0.0497201 0.0478862 0.0490033 0.0514821 0.0546969 0.0561007 0.0947223 0.0678780 0.0661486 0.0871746 0.0601948 0.0632495 0.0746860 0.0589039 0.0691217 0.0561269 0.0437544 0.0438457 0.0434951 0.0516027 0.0499481 0.0494945 0.0509821 0.0505567 0.0682181 0.0519422 0.0737102 0.0718563 0.0649548 0.0813642 0.0634335 0.0492075 0.0534341 0.0775338 0.0507559 0.0531806 0.0569336 0.0603350 0.0482514 0.0927130 0.0520562 0.0000000 0.0488954 0.0524020 0.0527500 0.0502047 0.0656306 0.0665481 0.0742978 0.0426860 0.0530449 0.0496341 0.0801127 0.1003922 0.0554278 0.0205457 0.0708285 0.0670179 
Praya_dubia                  0.0591885 0.0289675 0.0296514 0.0306851 0.0227058 0.0226839 0.0302327 0.0269701 0.0269710 0.0704862 0.0454525 0.0410121 0.0759345 0.0341055 0.0295306 0.0527716 0.0405512 0.0474412 0.0495250 0.0184021 0.0191479 0.0181952 0.0294415 0.0278650 0.0262789 0.0315013 0.0280103 0.0444039 0.0273786 0.0467588 0.0627831 0.0419779 0.0649905 0.0398381 0.0252118 0.0224222 0.0574732 0.0295877 0.0212988 0.0217873 0.0464019 0.0196717 0.0462835 0.0258798 0.0488954 0.0000000 0.0281214 0.0358443 0.0360946 0.0368359 0.0428839 0.0504447 0.0403503 0.0205783 0.0206465 0.0641243 0.0413087 0.0304158 0.0500124 0.0403182 0.0403496 
Resomia_ornicephala          0.0679907 0.0249544 0.0272478 0.0258118 0.0278558 0.0278877 0.0272671 0.0271747 0.0287274 0.0755242 0.0492141 0.0506868 0.0774277 0.0410734 0.0383701 0.0521486 0.0477229 0.0560968 0.0549541 0.0199326 0.0201893 0.0199512 0.0351632 0.0270301 0.0291951 0.0299373 0.0296469 0.0536228 0.0262070 0.0593378 0.0709461 0.0449945 0.0698084 0.0536008 0.0246830 0.0235217 0.0657739 0.0271148 0.0321343 0.0280139 0.0443988 0.0591265 0.0618909 0.0290700 0.0524020 0.0281214 0.0000000 0.0355256 0.0341942 0.0442832 0.0530230 0.0596958 0.0455536 0.0215599 0.0206034 0.0688913 0.0457746 0.0361333 0.0526542 0.0568202 0.0533502 
Rhizophysa_eysenhardtii      0.0771123 0.0378017 0.0381546 0.0375844 0.0302099 0.0302148 0.0394267 0.0329465 0.0347526 0.0839984 0.0595163 0.0599012 0.0724092 0.0503169 0.0463161 0.0688159 0.0564365 0.0648523 0.0490988 0.0298615 0.0306802 0.0296064 0.0426595 0.0375953 0.0403282 0.0403205 0.0362338 0.0550990 0.0374952 0.0626527 0.0639691 0.0528426 0.0763201 0.0569369 0.0323831 0.0348875 0.0681183 0.0375500 0.0365247 0.0377763 0.0327442 0.0302795 0.0582326 0.0356511 0.0527500 0.0358443 0.0355256 0.0000000 0.0150282 0.0537797 0.0593746 0.0653994 0.0419853 0.0329226 0.0310302 0.0741898 0.0639601 0.0450600 0.0538792 0.0637186 0.0601896 
Rhizophysa_filiformis        0.0769374 0.0360387 0.0364043 0.0360188 0.0306227 0.0310982 0.0371995 0.0345976 0.0345326 0.0841541 0.0591731 0.0592150 0.0743320 0.0505488 0.0465205 0.0669880 0.0552971 0.0661824 0.0501944 0.0313381 0.0304963 0.0299547 0.0412391 0.0368565 0.0393974 0.0387866 0.0358205 0.0551152 0.0358364 0.0651868 0.0631103 0.0533484 0.0735599 0.0550044 0.0309718 0.0340402 0.0683069 0.0368715 0.0360216 0.0378757 0.0320103 0.0317022 0.0606680 0.0361563 0.0502047 0.0360946 0.0341942 0.0150282 0.0000000 0.0511398 0.0585061 0.0652793 0.0407088 0.0322417 0.0313667 0.0732798 0.0584582 0.0469133 0.0532317 0.0631711 0.0594001 
Rosacea_flaccida             0.0589141 0.0436223 0.0452942 0.0449372 0.0446485 0.0448073 0.0444421 0.0480892 0.0473538 0.0697835 0.0533498 0.0483661 0.0993893 0.0430000 0.0395695 0.0576549 0.0448177 0.0561683 0.0620919 0.0403572 0.0404334 0.0377949 0.0388372 0.0366178 0.0383331 0.0397639 0.0432559 0.0475996 0.0427791 0.0557438 0.0874774 0.0455277 0.0626285 0.0450321 0.0400700 0.0445999 0.0551589 0.0441190 0.0432001 0.0431952 0.0627090 0.0426298 0.0734373 0.0425887 0.0656306 0.0368359 0.0442832 0.0537797 0.0511398 0.0000000 0.0484509 0.0521059 0.0608289 0.0427811 0.0414636 0.0632705 0.0965421 0.0393197 0.0674843 0.0488626 0.0485863 
Sphaeronectes_christiansonae 0.0460843 0.0510326 0.0503290 0.0502335 0.0517132 0.0516257 0.0513496 0.0485213 0.0484559 0.0527907 0.0529054 0.0497615 0.1091627 0.0502457 0.0502348 0.0540751 0.0479715 0.0451336 0.0714645 0.0461611 0.0455196 0.0433426 0.0448701 0.0427811 0.0466117 0.0452013 0.0498222 0.0552308 0.0498651 0.0568742 0.0928373 0.0462988 0.0488055 0.0486800 0.0471217 0.0500003 0.0444723 0.0488211 0.0484800 0.0508687 0.0616758 0.0476692 0.0929585 0.0490448 0.0665481 0.0428839 0.0530230 0.0593746 0.0585061 0.0484509 0.0000000 0.0040843 0.0666811 0.0479003 0.0470630 0.0507637 0.1118918 0.0417418 0.0677373 0.0507771 0.0462435 
Sphaeronectes_koellikeri     0.0560213 0.0587482 0.0577367 0.0579237 0.0594949 0.0596592 0.0574862 0.0564006 0.0566122 0.0633747 0.0551850 0.0529888 0.1138407 0.0579799 0.0558332 0.0578783 0.0553588 0.0493516 0.0798293 0.0492293 0.0486543 0.0462964 0.0516390 0.0501041 0.0544483 0.0519606 0.0544685 0.0617101 0.0568075 0.0631390 0.1040184 0.0496765 0.0574149 0.0542410 0.0550034 0.0570387 0.0530887 0.0555139 0.0557328 0.0537181 0.0692258 0.0549814 0.0940825 0.0554600 0.0742978 0.0504447 0.0596958 0.0653994 0.0652793 0.0521059 0.0040843 0.0000000 0.0746803 0.0552468 0.0547732 0.0566739 0.1223427 0.0449789 0.0763208 0.0557889 0.0508436 
Staurocladia_wellingtoni     0.0795426 0.0436525 0.0436133 0.0439698 0.0367885 0.0361849 0.0437405 0.0432472 0.0436619 0.0931877 0.0665918 0.0658580 0.0717914 0.0538900 0.0547366 0.0771622 0.0661947 0.0652415 0.0485806 0.0377344 0.0376652 0.0373752 0.0462831 0.0402234 0.0413736 0.0419737 0.0405762 0.0634726 0.0431933 0.0699166 0.0545348 0.0631464 0.0817149 0.0583631 0.0390895 0.0422162 0.0738360 0.0407368 0.0473979 0.0489908 0.0496482 0.0385236 0.0666479 0.0446400 0.0426860 0.0403503 0.0455536 0.0419853 0.0407088 0.0608289 0.0666811 0.0746803 0.0000000 0.0406183 0.0387111 0.0767629 0.0702528 0.0542503 0.0443293 0.0667571 0.0665076 
Stephalia_dilata             0.0622033 0.0246327 0.0248440 0.0263497 0.0205660 0.0205223 0.0260587 0.0208485 0.0220201 0.0760434 0.0493971 0.0452547 0.0731340 0.0332191 0.0348297 0.0587089 0.0469643 0.0508343 0.0526828 0.0119676 0.0119750 0.0118581 0.0299499 0.0256626 0.0264035 0.0282290 0.0215765 0.0442521 0.0226096 0.0525194 0.0618808 0.0474551 0.0657356 0.0420077 0.0164172 0.0135532 0.0576762 0.0230827 0.0218488 0.0205054 0.0420979 0.0106890 0.0344027 0.0224221 0.0530449 0.0205783 0.0215599 0.0329226 0.0322417 0.0427811 0.0479003 0.0552468 0.0406183 0.0000000 0.0122284 0.0618006 0.0064806 0.0328165 0.0538360 0.0460269 0.0456642 
Stephanomia_amphytridis      0.0641276 0.0226384 0.0233303 0.0238276 0.0200529 0.0205589 0.0226369 0.0189054 0.0203460 0.0769473 0.0453079 0.0436664 0.0724040 0.0334393 0.0340688 0.0584693 0.0472763 0.0528515 0.0525093 0.0084241 0.0071941 0.0075498 0.0291491 0.0251484 0.0251754 0.0279817 0.0204028 0.0432082 0.0209232 0.0499280 0.0601901 0.0440312 0.0698412 0.0438616 0.0144380 0.0147470 0.0593924 0.0214649 0.0215374 0.0219091 0.0435448 0.0114313 0.0309306 0.0228513 0.0496341 0.0206465 0.0206034 0.0310302 0.0313667 0.0414636 0.0470630 0.0547732 0.0387111 0.0122284 0.0000000 0.0644717 0.0263068 0.0310518 0.0510890 0.0483244 0.0461143 
Sulculeolaria_quadrivalvis   0.0526402 0.0633858 0.0637150 0.0636069 0.0643573 0.0645159 0.0622301 0.0674926 0.0661345 0.0553755 0.0600356 0.0589520 0.1157939 0.0593619 0.0588685 0.0646728 0.0662492 0.0458110 0.0871014 0.0630962 0.0620175 0.0591442 0.0609670 0.0589964 0.0583049 0.0600396 0.0629252 0.0687246 0.0622643 0.0698682 0.1206868 0.0517223 0.0311457 0.0662265 0.0601800 0.0657399 0.0394951 0.0633921 0.0659222 0.0590240 0.0823585 0.0648983 0.1035732 0.0595031 0.0801127 0.0641243 0.0688913 0.0741898 0.0732798 0.0632705 0.0507637 0.0566739 0.0767629 0.0618006 0.0644717 0.0000000 0.1436679 0.0529402 0.0826108 0.0677378 0.0659008 
Thermopalia_sp               0.1405995 0.0523219 0.0515796 0.0545398 0.0393883 0.0378697 0.0558420 0.0382715 0.0376407 0.1779242 0.1116048 0.0982696 0.0975378 0.0686970 0.0717820 0.1471146 0.0998961 0.1192926 0.1006646 0.0248872 0.0255344 0.0247015 0.0606804 0.0514406 0.0518629 0.0538207 0.0483733 0.0927366 0.0479672 0.1227625 0.1441662 0.1103027 0.1550579 0.0852118 0.0328544 0.0240985 0.1295087 0.0476611 0.0421200 0.0432249 0.0829582 0.0224645 0.0424835 0.0450621 0.1003922 0.0413087 0.0457746 0.0639601 0.0584582 0.0965421 0.1118918 0.1223427 0.0702528 0.0064806 0.0263068 0.1436679 0.0000000 0.0690951 0.1062921 0.1071911 0.1036000 
Tottonophyes_enigmatica      0.0533850 0.0370275 0.0394347 0.0376137 0.0337511 0.0347926 0.0378475 0.0387763 0.0380422 0.0626075 0.0431250 0.0399469 0.0887550 0.0379559 0.0363910 0.0514836 0.0409260 0.0480062 0.0629197 0.0305833 0.0306169 0.0300670 0.0359775 0.0344318 0.0338874 0.0365329 0.0382288 0.0433280 0.0374755 0.0485448 0.0733743 0.0397464 0.0573681 0.0416253 0.0328985 0.0356826 0.0496939 0.0393526 0.0346690 0.0318703 0.0556785 0.0324209 0.0739571 0.0366755 0.0554278 0.0304158 0.0361333 0.0450600 0.0469133 0.0393197 0.0417418 0.0449789 0.0542503 0.0328165 0.0310518 0.0529402 0.0690951 0.0000000 0.0570181 0.0501936 0.0454484 
Velella_velella              0.0836048 0.0515004 0.0530570 0.0511489 0.0492129 0.0506122 0.0510645 0.0551150 0.0564711 0.0931429 0.0732012 0.0707475 0.0912431 0.0621835 0.0653400 0.0770778 0.0620100 0.0691319 0.0567056 0.0470367 0.0476193 0.0459796 0.0517735 0.0476148 0.0489008 0.0498698 0.0500073 0.0679543 0.0529072 0.0737321 0.0734098 0.0674594 0.0834745 0.0662999 0.0514804 0.0529751 0.0765779 0.0501545 0.0517791 0.0549734 0.0582881 0.0503499 0.0928524 0.0514392 0.0205457 0.0500124 0.0526542 0.0538792 0.0532317 0.0674843 0.0677373 0.0763208 0.0443293 0.0538360 0.0510890 0.0826108 0.1062921 0.0570181 0.0000000 0.0692263 0.0691422 
Vogtia_glabra                0.0672476 0.0526719 0.0528071 0.0525916 0.0504458 0.0517768 0.0538296 0.0547772 0.0538084 0.0769752 0.0598096 0.0548878 0.1136015 0.0459571 0.0506299 0.0619153 0.0561903 0.0593848 0.0765931 0.0434002 0.0442390 0.0412403 0.0517566 0.0474832 0.0483010 0.0504646 0.0512026 0.0587858 0.0539094 0.0386939 0.1036302 0.0541449 0.0692006 0.0540136 0.0512806 0.0480890 0.0654436 0.0523039 0.0466561 0.0475787 0.0718461 0.0487870 0.0918936 0.0513108 0.0708285 0.0403182 0.0568202 0.0637186 0.0631711 0.0488626 0.0507771 0.0557889 0.0667571 0.0460269 0.0483244 0.0677378 0.1071911 0.0501936 0.0692263 0.0000000 0.0349251 
Vogtia_pentacantha           0.0625229 0.0524083 0.0504505 0.0511572 0.0476524 0.0481594 0.0515562 0.0491830 0.0500136 0.0735557 0.0556474 0.0521338 0.1041963 0.0381983 0.0516081 0.0580908 0.0493416 0.0561333 0.0715040 0.0404837 0.0413758 0.0381837 0.0486091 0.0444644 0.0450206 0.0461888 0.0507947 0.0554012 0.0510863 0.0264078 0.0953508 0.0519808 0.0690362 0.0520923 0.0492573 0.0498895 0.0611130 0.0522522 0.0491407 0.0469790 0.0687310 0.0467405 0.0931410 0.0494349 0.0670179 0.0403496 0.0533502 0.0601896 0.0594001 0.0485863 0.0462435 0.0508436 0.0665076 0.0456642 0.0461143 0.0659008 0.1036000 0.0454484 0.0691422 0.0349251 0.0000000 
